Dataset	Seed	MCC	Accuracy	Recall	Specificity	Precision	F1
acpdl_acp240	0	0.689069639757126	0.8416666666666668	0.8916923076923077	0.7845849802371542	0.8322635326194836	0.8574890915109383
acpdl_acp240	1	0.6893540797998362	0.8416666666666666	0.884	0.7936758893280633	0.8372997628170042	0.8559363839693024
acpdl_acp240	2	0.6664969837819478	0.8291666666666666	0.8686153846153847	0.7845849802371542	0.8292307692307693	0.8430252356339313
acpdl_acp240	3	0.6821905225497863	0.8375	0.8763076923076923	0.7936758893280633	0.8369523809523809	0.8515238745401449
acpdl_acp240	4	0.6835132612671748	0.8375	0.8763076923076923	0.7936758893280633	0.8367131570691081	0.8505371973564193
acpdl_acp240	5	0.6664969837819478	0.8291666666666666	0.8686153846153847	0.7845849802371542	0.8292307692307693	0.8430252356339313
acpdl_acp240	6	0.6817811210929964	0.8375	0.884	0.7845849802371542	0.8313227513227514	0.8525597605926791
acpdl_acp240	7	0.6912244398713837	0.8416666666666666	0.8916923076923077	0.7845849802371542	0.8328281276668374	0.8566950989385438
acpdl_acp240	8	0.6904867005681966	0.8416666666666668	0.884	0.7936758893280633	0.837665538021489	0.855717585885559
acpdl_acp240	9	0.6893540797998362	0.8416666666666666	0.884	0.7936758893280633	0.8372997628170042	0.8559363839693024
acpdl_acp240	10	0.6731832971710416	0.8333333333333333	0.8686153846153847	0.7936758893280633	0.8353431855500821	0.8472381602544307
acpdl_acp240	11	0.6983537354833799	0.8458333333333332	0.8993846153846153	0.7845849802371542	0.8336939285326382	0.8616596379456359
acpdl_acp240	12	0.6976159961801928	0.8458333333333334	0.8916923076923077	0.7936758893280633	0.83853133888729	0.8606821248926512
acpdl_acp240	13	0.6724970253667426	0.8333333333333333	0.8763076923076923	0.7845849802371542	0.8277759532931948	0.8474257456714301
acpdl_acp240	14	0.6734704230829696	0.8333333333333333	0.8763076923076923	0.7845849802371542	0.8301831501831503	0.848205624163071
acpdl_acp240	15	0.6987973985782234	0.8458333333333332	0.8916923076923077	0.7936758893280633	0.8388051391610902	0.860071722315167
acpdl_acp240	16	0.6881726774018054	0.8416666666666668	0.884	0.7936758893280633	0.8370259625432039	0.8565467865467864
acpdl_acp240	17	0.675940302560335	0.8333333333333333	0.8763076923076923	0.7845849802371542	0.8307361455748552	0.8471605739797958
acpdl_acp240	18	0.6734704230829696	0.8333333333333333	0.8763076923076923	0.7845849802371542	0.8301831501831503	0.848205624163071
acpdl_acp240	19	0.6904867005681966	0.8416666666666668	0.884	0.7936758893280633	0.837665538021489	0.855717585885559
acpdl_acp240	20	0.6912244398713837	0.8416666666666666	0.8916923076923077	0.7845849802371542	0.8328281276668374	0.8566950989385438
acpdl_acp240	21	0.6976185199482211	0.8458333333333334	0.8993846153846153	0.7845849802371542	0.8335862839422351	0.8618217260322523
acpdl_acp240	22	0.6740699424887875	0.8333333333333333	0.8686153846153847	0.7936758893280633	0.8352077807250222	0.8464018590105546
acpdl_acp240	23	0.6734704230829696	0.8333333333333333	0.8763076923076923	0.7845849802371542	0.8301831501831503	0.848205624163071
acpdl_acp240	24	0.6889104167049925	0.8416666666666668	0.8916923076923077	0.7845849802371542	0.8321885521885521	0.8575242995997712
acpdl_acp240	25	0.6829162656293852	0.8375	0.8916923076923077	0.775494071146245	0.8267434715821812	0.8534805636485367
acpdl_acp240	26	0.690489224336225	0.8416666666666668	0.8916923076923077	0.7845849802371542	0.8327204830764341	0.8568571870251601
acpdl_acp240	27	0.6978265985730261	0.8458333333333332	0.884	0.8027667984189722	0.8438524693697108	0.859274555232002
acpdl_acp240	28	0.6810459055578377	0.8375	0.884	0.7845849802371542	0.8312151067323482	0.8527218486792953
acpdl_acp240	29	0.6817811210929964	0.8375	0.884	0.7845849802371542	0.8313227513227514	0.8525597605926791
acpdl_acp740	0	0.6476061432711312	0.8208333333333334	0.860923076923077	0.7754940711462451	0.8190501452570418	0.8354092715794843
acpdl_acp740	1	0.6228942033853501	0.8083333333333333	0.8375384615384615	0.775098814229249	0.8141155618574973	0.8211062879427804
acpdl_acp740	2	0.6325799080741052	0.8125	0.852923076923077	0.76600790513834	0.811737365444262	0.8267590732935419
acpdl_acp740	3	0.6316101517216034	0.8125	0.852923076923077	0.766798418972332	0.8120945083014048	0.827125278331185
acpdl_acp740	4	0.6060261130280753	0.8	0.8375384615384615	0.757707509881423	0.804288240495137	0.8156282847587196
acpdl_acp740	5	0.6330022275870222	0.8125	0.8532307692307693	0.766798418972332	0.8126753372693306	0.827056856187291
acpdl_acp740	6	0.6413182301772221	0.8166666666666668	0.8452307692307693	0.7841897233201582	0.8242025314181513	0.8287454485269778
acpdl_acp740	7	0.6242036315871575	0.8083333333333333	0.852923076923077	0.757707509881423	0.8065031104519423	0.8238671329677765
acpdl_acp740	8	0.6164067850101127	0.8041666666666668	0.8452307692307693	0.757312252964427	0.8051790450928381	0.8193301639778401
acpdl_acp740	9	0.6303007235197959	0.8125	0.8375384615384615	0.7841897233201582	0.8197069597069598	0.8243644333061889
acpdl_acp740	10	0.6318853393261801	0.8125	0.8455384615384615	0.7754940711462451	0.815897435897436	0.8255994247298595
acpdl_acp740	11	0.6310806337170881	0.8125	0.8452307692307693	0.7754940711462451	0.8160123784261716	0.8257341048645397
acpdl_acp740	12	0.6319848115926691	0.8125	0.852923076923077	0.766403162055336	0.8115605817163102	0.8268300959307393
acpdl_acp740	13	0.6232994537115765	0.8083333333333333	0.8452307692307693	0.766798418972332	0.8109549071618037	0.8227711419015767
acpdl_acp740	14	0.6316915017376408	0.8125	0.852923076923077	0.766798418972332	0.8135613115101435	0.8281966493204225
acpdl_acp740	15	0.6472537567810807	0.8208333333333332	0.852923076923077	0.7841897233201582	0.8225706987775954	0.8331630141802415
acpdl_acp740	16	0.631619202286084	0.8125	0.8452307692307691	0.7758893280632412	0.8192307692307692	0.8270223496310454
acpdl_acp740	17	0.6310806337170881	0.8125	0.8452307692307693	0.7754940711462451	0.8160123784261716	0.8257341048645397
acpdl_acp740	18	0.6076847959433634	0.8	0.8452307692307693	0.7486166007905138	0.8003193760262726	0.8172077165422296
acpdl_acp740	19	0.6232994537115765	0.8083333333333333	0.8452307692307693	0.766798418972332	0.8109549071618037	0.8227711419015767
acpdl_acp740	20	0.6158929335771306	0.8041666666666666	0.8452307692307693	0.757707509881423	0.8053635093123412	0.8195129965381682
acpdl_acp740	21	0.6303488920255446	0.8125	0.852923076923077	0.76600790513834	0.8122107999527355	0.8280589919352623
acpdl_acp740	22	0.6501959992766386	0.8208333333333334	0.852923076923077	0.7849802371541502	0.827594583275164	0.8337484737484738
acpdl_acp740	23	0.6137723608843942	0.8041666666666666	0.8375384615384615	0.766798418972332	0.8100353669319187	0.8188750380054728
acpdl_acp740	24	0.6143290670195661	0.8041666666666668	0.8452307692307691	0.757707509881423	0.8050679428098784	0.8204339544989041
acpdl_acp740	25	0.6158929335771306	0.8041666666666666	0.8452307692307693	0.757707509881423	0.8053635093123412	0.8195129965381682
acpdl_acp740	26	0.6319848115926691	0.8125	0.852923076923077	0.766403162055336	0.8115605817163102	0.8268300959307393
acpdl_acp740	27	0.5999832697533434	0.7958333333333334	0.8375384615384615	0.7486166007905138	0.798397435897436	0.8119227565704328
acpdl_acp740	28	0.6150317783313844	0.8041666666666668	0.8375384615384615	0.766403162055336	0.8086968426456748	0.8180315150566868
acpdl_acp740	29	0.6318853393261801	0.8125	0.8455384615384615	0.7754940711462451	0.815897435897436	0.8255994247298595
acpdl_tyagi	0	0.5209131637014178	0.7984219754529516	0.6	0.8918589743589743	0.7261359847582758	0.6547184043626169
acpdl_tyagi	1	0.5120070115470602	0.7949444769140853	0.5888888888888889	0.8918589743589743	0.7239641241111829	0.6479773576097105
acpdl_tyagi	2	0.5302798073494717	0.801811805961426	0.604970760233918	0.8944230769230771	0.7358298319327732	0.6617365475026765
acpdl_tyagi	3	0.5159742520992068	0.796697837521917	0.5947368421052632	0.891923076923077	0.723470695970696	0.6513935574229692
acpdl_tyagi	4	0.5080562686924253	0.7932203389830509	0.5888888888888889	0.8894230769230769	0.7186770092652446	0.6458846872082167
acpdl_tyagi	5	0.5042547485723978	0.7898305084745763	0.5997076023391814	0.8792948717948719	0.707938360229382	0.6467095543333934
acpdl_tyagi	6	0.5235277170385861	0.7984219754529513	0.6052631578947368	0.8893589743589743	0.7276722915887002	0.6575663812855463
acpdl_tyagi	7	0.526817104416492	0.8000584453535945	0.5997076023391813	0.8943589743589744	0.7367345399698342	0.6587233441763802
acpdl_tyagi	8	0.5160370420875517	0.7966393921683227	0.5891812865497077	0.8943589743589746	0.7290406162464986	0.6495329994167756
acpdl_tyagi	9	0.5059924757607397	0.7915254237288135	0.5941520467836258	0.8842948717948718	0.7133099906629319	0.6459375399389631
acpdl_tyagi	10	0.5124047475121709	0.7949444769140854	0.5944444444444444	0.8893589743589743	0.7196471665589312	0.6494111280875987
acpdl_tyagi	11	0.5203532728248029	0.7983343074225597	0.5941520467836258	0.8944871794871796	0.7304901960784315	0.6540178040913335
acpdl_tyagi	12	0.5158038096634111	0.7949444769140854	0.5997076023391813	0.8867307692307692	0.7230542986425339	0.653012421112516
acpdl_tyagi	13	0.5147753304066235	0.7966393921683225	0.5891812865497077	0.8944871794871796	0.7257326007326007	0.6486624649859944
acpdl_tyagi	14	0.5143284545076612	0.7949736995908825	0.604970760233918	0.8843589743589744	0.7145588235294118	0.6528637203210258
acpdl_tyagi	15	0.51588692697163	0.7949736995908825	0.6052631578947368	0.884423076923077	0.7176960784313726	0.653871737304275
acpdl_tyagi	16	0.5082217292381443	0.7932203389830509	0.5836257309941522	0.8919871794871795	0.7237256603046076	0.6442798126621656
acpdl_tyagi	17	0.5184445965485596	0.7966686148451199	0.6000000000000001	0.8892948717948718	0.7247055137844611	0.6537448157222452
acpdl_tyagi	18	0.5203173521234341	0.7983635300993571	0.5944444444444444	0.8944871794871796	0.7298884938590822	0.6530835667600373
acpdl_tyagi	19	0.5069435321999789	0.7932787843366453	0.5836257309941522	0.8919871794871795	0.7207051282051282	0.6434397307310021
acpdl_tyagi	20	0.518981575080732	0.7966686148451197	0.6052631578947368	0.8867307692307692	0.7211591478696742	0.6552370992385224
acpdl_tyagi	21	0.522885685664628	0.7983050847457627	0.6046783625730996	0.8892307692307693	0.7270383538030597	0.6576574242750713
acpdl_tyagi	22	0.5269956485448576	0.8000876680303917	0.6105263157894738	0.8893589743589743	0.726996336996337	0.6618609413462355
acpdl_tyagi	23	0.5043644011931917	0.7915546464056107	0.5839181286549708	0.8894230769230769	0.7185259103641457	0.641997136586795
acpdl_tyagi	24	0.5318662205037412	0.8017825832846288	0.6102339181286551	0.8917948717948718	0.7347517549529934	0.6631519137441438
acpdl_tyagi	25	0.5134000528318806	0.7949444769140853	0.6002923976608188	0.8868589743589744	0.7164705882352942	0.651014728472034
acpdl_tyagi	26	0.5268073177622742	0.8000584453535943	0.604970760233918	0.8918589743589743	0.7318674136321196	0.6599261656922948
acpdl_tyagi	27	0.5197456367221889	0.7966393921683227	0.6105263157894738	0.8842948717948718	0.7180463885959243	0.6574736361849365
acpdl_tyagi	28	0.5285349432550158	0.8000876680303914	0.6108187134502925	0.8892948717948718	0.7301616031027797	0.6624715364614746
acpdl_tyagi	29	0.5187086900211931	0.79833430742256	0.5839181286549708	0.899423076923077	0.735952380952381	0.6492528873719576
deepacppred_acp240	0	0.5933204529195752	0.794444453716278	0.8143526554107666	0.7767734527587891	0.8127147912979126	0.8101033314389093
deepacppred_acp240	1	0.5679074040897516	0.785277783870697	0.8048025131225586	0.7607756733894349	0.8078505873680115	0.8012141056354695
deepacppred_acp240	2	0.5879530981384046	0.790833342075348	0.7890944600105285	0.810409665107727	0.8295324802398681	0.8022863410663907
deepacppred_acp240	3	0.5267720747921281	0.7641666769981384	0.7831700205802917	0.7450241088867188	0.7883418440818787	0.7835484720172197
deepacppred_acp240	4	0.6570097012710501	0.8305555701255798	0.8431416153907776	0.8077999353408813	0.8487794280052186	0.8442009569605625
deepacppred_acp240	5	0.6506097951753147	0.8211111187934875	0.8502507090568543	0.7927714586257935	0.8364361524581909	0.8377989582011779
deepacppred_acp240	6	0.5713900016259303	0.7827777862548828	0.816275131702423	0.7456142187118531	0.8009602427482605	0.8023241794689888
deepacppred_acp240	7	0.6134113815049896	0.8130555510520935	0.833359956741333	0.7736907482147217	0.8249831795692444	0.8283000876117571
deepacppred_acp240	8	0.6022346321075941	0.7991666793823242	0.8199367046356201	0.7892910957336425	0.8127803206443787	0.8117011279920767
deepacppred_acp240	9	0.6042056736392288	0.7975000143051147	0.8525132417678833	0.7422222316265106	0.8097692966461182	0.8229665195038838
deepacppred_acp240	10	0.6906308975777445	0.8466666579246521	0.8681259512901306	0.8246319174766541	0.850516140460968	0.8574179914958787
deepacppred_acp240	11	0.5683465180811778	0.7850000023841858	0.8061135649681092	0.7584848523139953	0.8078380823135376	0.8047723364004213
deepacppred_acp240	12	0.5426986591797742	0.7788888931274414	0.795724880695343	0.7438612937927246	0.7971593499183655	0.7961470293860617
deepacppred_acp240	13	0.5482855913515063	0.7741666674613953	0.8429689407348633	0.699665081501007	0.769606864452362	0.8017448677042788
deepacppred_acp240	14	0.6302422898224483	0.8158333420753479	0.8214444398880005	0.8077915906906128	0.8427757382392883	0.8304943873309538
deepacppred_acp240	15	0.6254816486583676	0.8083333492279052	0.8596826672554017	0.7584170699119568	0.8076967716217041	0.8271611188624259
deepacppred_acp240	16	0.71679689371664	0.8594444394111633	0.8798201680183411	0.8226426243782043	0.8683068871498107	0.8710981324143093
deepacppred_acp240	17	0.5576744521400333	0.7777777791023255	0.7732600808143616	0.7881532192230225	0.8117936611175537	0.7901916995717255
deepacppred_acp240	18	0.6548920507071342	0.8288888931274414	0.8481886863708497	0.7976410031318665	0.8371047854423523	0.8391722027977904
deepacppred_acp240	19	0.6125637464761118	0.811388897895813	0.8323012709617614	0.781433391571045	0.8200501561164856	0.8247196393131997
deepacppred_acp240	20	0.659192138050571	0.8294444441795349	0.8551515221595765	0.8064768791198731	0.8385327696800232	0.8448500857907565
deepacppred_acp240	21	0.6355014113904122	0.8202777862548828	0.8732419729232788	0.7588118076324463	0.8084795951843262	0.838183166172221
deepacppred_acp240	22	0.6033202444774983	0.8005555629730224	0.8385022521018982	0.7596832990646363	0.8074718594551087	0.8196302696649708
deepacppred_acp240	23	0.5958189883794611	0.7997222185134888	0.8137846231460572	0.7892828345298767	0.816195285320282	0.8122447320772348
deepacppred_acp240	24	0.6031149855735554	0.8038888931274414	0.8384523749351501	0.7698941946029663	0.8137699127197265	0.8212876394249371
deepacppred_acp240	25	0.5995859413093271	0.7900000095367432	0.8180597305297852	0.7727249383926391	0.8113066673278808	0.7998098508073955
deepacppred_acp240	26	0.6057595984484567	0.8058333396911621	0.8342007517814636	0.7704215288162232	0.8190916538238525	0.8238028420183664
deepacppred_acp240	27	0.6512690897135659	0.8163888931274415	0.8185907125473022	0.8475614070892334	0.8570836663246155	0.8257328425276604
deepacppred_acp240	28	0.6435259109838316	0.8211111068725586	0.8135693550109864	0.839177668094635	0.8456499457359314	0.8254646862498476
deepacppred_acp240	29	0.6045733083112415	0.8030555605888366	0.8123732209205627	0.7901908040046692	0.8310036540031434	0.8192134607628538
deepacppred_acp740	0	0.7209302511121242	0.8598639369010925	0.8794787406921387	0.8404861927032471	0.8511420249938965	0.8642514897689612
deepacppred_acp740	1	0.7407462572538845	0.8693877577781677	0.8728034377098084	0.8666820764541626	0.8740183472633362	0.8719308616280896
deepacppred_acp740	2	0.7020994032460266	0.8503401398658752	0.8416016221046447	0.8603678584098816	0.8644559383392334	0.8517388839192368
deepacppred_acp740	3	0.695041255156804	0.8435374140739441	0.8385458588600159	0.8573081731796265	0.8599812030792237	0.844904221289096
deepacppred_acp740	4	0.757926790977703	0.8775510191917419	0.9072306513786316	0.8498995661735534	0.8618408203125	0.882707080776254
deepacppred_acp740	5	0.7066906265808085	0.8530612230300904	0.8610985398292541	0.844500744342804	0.8522147059440612	0.855713353112875
deepacppred_acp740	6	0.7509847794591187	0.8761904835700989	0.8706925272941589	0.8791507363319397	0.8837599158287048	0.8770632765032975
deepacppred_acp740	7	0.729787592344082	0.8639455795288086	0.8612429022789001	0.8706789612770081	0.8728091478347778	0.8656704455984388
deepacppred_acp740	8	0.7617179289883763	0.880272114276886	0.9011704206466675	0.8582999110221863	0.8702009439468383	0.8848464936460856
deepacppred_acp740	9	0.7355407754930399	0.8680272102355957	0.8667024850845337	0.869142210483551	0.8732632279396058	0.8698863886942426
deepacppred_acp740	10	0.7280134627344635	0.8625850200653076	0.8501712918281555	0.8724251747131347	0.8804256200790406	0.8624913618916867
deepacppred_acp740	11	0.7115043180856928	0.8557823181152344	0.880378246307373	0.8295177578926086	0.8450424909591675	0.862241989379193
deepacppred_acp740	12	0.7072302362265949	0.8544217705726623	0.8478186011314393	0.8592710971832276	0.8650512933731079	0.8557786073149511
deepacppred_acp740	13	0.7658939669380948	0.8816326379776	0.873156750202179	0.8927124261856079	0.8937696218490601	0.8817387460823314
deepacppred_acp740	14	0.7130695252237922	0.8571428537368775	0.8792289972305298	0.8329235792160035	0.8489660859107971	0.8632247621517394
deepacppred_acp740	15	0.7297501625182724	0.8639455795288086	0.8698849558830262	0.8611642479896545	0.8650075554847717	0.8661689627222848
deepacppred_acp740	16	0.734825467761337	0.8680272221565246	0.8650439500808715	0.8684352517127991	0.8734772205352783	0.8687755155532516
deepacppred_acp740	17	0.7266100141658447	0.8625850439071655	0.8716043710708619	0.8582029342651367	0.8615510582923889	0.8649350665343837
deepacppred_acp740	18	0.7437221599844787	0.8721088409423828	0.8714199304580689	0.8748093605041504	0.8743388295173645	0.8722956766650226
deepacppred_acp740	19	0.7343102852351145	0.8666666507720947	0.8718242168426513	0.8632998108863831	0.8696447253227234	0.8690792006422084
deepacppred_acp740	20	0.7394107618721496	0.8693877458572388	0.8773207902908325	0.864248526096344	0.8692497134208679	0.8724216231091806
deepacppred_acp740	21	0.7378027729759877	0.8680272221565246	0.8799539685249329	0.8537167310714722	0.8680583000183105	0.8725421681335469
deepacppred_acp740	22	0.7497631720982506	0.87619047164917	0.8866091966629028	0.8626050233840943	0.8699560284614563	0.8778119697528849
deepacppred_acp740	23	0.7315613814228975	0.8653061270713807	0.8458556056022644	0.8858813524246216	0.8858564257621765	0.865197880499711
deepacppred_acp740	24	0.7375265129627885	0.8693877577781677	0.8817380189895629	0.8619651794433594	0.8658060193061828	0.8717690839227036
deepacppred_acp740	25	0.700465142121275	0.8489795923233032	0.8514620065689087	0.8488124251365662	0.8548895239830017	0.8518568543683296
deepacppred_acp740	26	0.7420822307341588	0.8707482814788818	0.8665002346038818	0.8739336729049683	0.8795896172523499	0.8723233793855989
deepacppred_acp740	27	0.7436146541984654	0.8693877577781677	0.868605101108551	0.8736172318458557	0.8782939910888672	0.8706522923503568
deepacppred_acp740	28	0.7311060855131891	0.8653061270713807	0.8531935214996338	0.8781230926513672	0.8782831907272339	0.8650400543870009
deepacppred_acp740	29	0.7321753803418096	0.8653061270713807	0.8797584772109985	0.8499201893806457	0.8609550356864929	0.8691102369388636
deepacppred_hc	0	0.9169321467941965	0.9602446556091309	0.9679999947547913	0.9554455280303955	0.9307692050933838	0.9490196217669298
deepacppred_hc	1	0.8771759542063311	0.9418960213661194	0.9279999732971191	0.9504950642585754	0.920634925365448	0.9243027481816545
deepacppred_hc	2	0.8771759542063311	0.9418960213661194	0.9279999732971191	0.9504950642585754	0.920634925365448	0.9243027481816545
deepacppred_hc	3	0.8967857575758472	0.9510703086853027	0.9440000057220459	0.9554455280303955	0.9291338324546814	0.9365078964110862
deepacppred_hc	4	0.862619313852124	0.932721734046936	0.9599999785423279	0.9158415794372559	0.8759124279022217	0.9160305053112041
deepacppred_hc	5	0.8329402174236626	0.9204893112182617	0.9120000004768372	0.9257425665855408	0.8837209343910217	0.8976377976517941
deepacppred_hc	6	0.8556280319079738	0.9296635985374451	0.9520000219345093	0.9158415794372559	0.875	0.9118774046983075
deepacppred_hc	7	0.9244448715202721	0.963302731513977	0.984000027179718	0.9504950642585754	0.9248120188713074	0.9534883788984327
deepacppred_hc	8	0.911633654662028	0.9571865200996399	0.9760000109672546	0.9455445408821106	0.9172932505607605	0.9457364485467413
deepacppred_hc	9	0.9096979561900562	0.9571865200996399	0.9520000219345093	0.9603960514068604	0.9370078444480896	0.9444444700193275
deepacppred_hc	10	0.8672949258414083	0.9357798099517822	0.9520000219345093	0.9257425665855408	0.888059675693512	0.9189188855592976
deepacppred_hc	11	0.8742199493273876	0.9388379454612732	0.9599999785423279	0.9257425665855408	0.8888888955116272	0.9230769167284991
deepacppred_hc	12	0.845136963119011	0.9266055226325989	0.9120000004768372	0.9356435537338257	0.8976377844810486	0.904761899513272
deepacppred_hc	13	0.8704950522356477	0.9388379454612732	0.9200000166893005	0.9504950642585754	0.9200000166893005	0.9200000166893005
deepacppred_hc	14	0.8715689865482603	0.9388379454612732	0.9359999895095825	0.9405940771102905	0.9069767594337463	0.9212598155093101
deepacppred_hc	15	0.8594732005930737	0.932721734046936	0.9359999895095825	0.9306930899620056	0.8931297659873962	0.9140625221625679
deepacppred_hc	16	0.8257415156373646	0.9143730998039246	0.9440000057220459	0.896039605140686	0.8489208817481995	0.8939394364467018
deepacppred_hc	17	0.8289058845450846	0.9174311757087708	0.9279999732971191	0.9108911156654358	0.8656716346740723	0.8957528795031418
deepacppred_hc	18	0.85804916173322	0.932721734046936	0.9200000166893005	0.9405940771102905	0.9055117964744568	0.9126984135206231
deepacppred_hc	19	0.8390128073634789	0.9235473871231079	0.9120000004768372	0.9306930899620056	0.890625	0.901185800781919
deepacppred_hc	20	0.8230918610769864	0.9143730998039246	0.9279999732971191	0.905940592288971	0.8592592477798462	0.8923076737738219
deepacppred_hc	21	0.8709613603474291	0.9388379454612732	0.9279999732971191	0.9455445408821106	0.913385808467865	0.9206348683963836
deepacppred_hc	22	0.8556280319079738	0.9296635985374451	0.9520000219345093	0.9158415794372559	0.875	0.9118774046983075
deepacppred_hc	23	0.9034824915461694	0.9541284441947937	0.9520000219345093	0.9554455280303955	0.9296875	0.9407114731592965
deepacppred_hc	24	0.8823725946488128	0.9418960213661194	0.9760000109672546	0.9207921028137207	0.8840579986572266	0.9277566444393148
deepacppred_hc	25	0.8912138458119344	0.9480122327804565	0.9520000219345093	0.9455445408821106	0.9153845906257629	0.9333333012141988
deepacppred_hc	26	0.8831635464699593	0.9449541568756104	0.9200000166893005	0.9603960514068604	0.934959352016449	0.9274193645105091
deepacppred_hc	27	0.8161095374463101	0.9113149642944336	0.9200000166893005	0.905940592288971	0.858208954334259	0.8880308953294159
deepacppred_hc	28	0.8723158133052806	0.9388379454612732	0.9440000057220459	0.9356435537338257	0.9007633328437805	0.9218750189320424
deepacppred_hc	29	0.8723158133052806	0.9388379454612732	0.9440000057220459	0.9356435537338257	0.9007633328437805	0.9218750189320424
deepacppred_lee	0	0.5550015368780838	0.776190459728241	0.7292161583900452	0.8233889937400818	0.8057742714881897	0.7655860353875507
deepacppred_lee	1	0.5269030825870474	0.7630952596664429	0.7387173175811768	0.7875894904136658	0.7774999737739563	0.7576126731954316
deepacppred_lee	2	0.5667367917253879	0.7833333611488342	0.7767220735549927	0.7899761199951172	0.7879518270492554	0.7822966520126552
deepacppred_lee	3	0.6007727898691066	0.800000011920929	0.826603353023529	0.7732697129249573	0.7855530381202698	0.8055555637841542
deepacppred_lee	4	0.5716886552172639	0.7857142686843872	0.7719715237617493	0.7995226979255676	0.7946210503578186	0.7831325555754463
deepacppred_lee	5	0.579537203164405	0.7892857193946838	0.8194774389266968	0.758949875831604	0.773542582988739	0.7958477731676817
deepacppred_lee	6	0.5955064166908383	0.7976190447807312	0.783847987651825	0.8114558458328247	0.8068459630012512	0.7951807249708503
deepacppred_lee	7	0.5384416556745405	0.7690476179122925	0.7885985970497131	0.7494033575057983	0.7597253918647766	0.773892780137884
deepacppred_lee	8	0.554758437586908	0.7773809432983398	0.7790973782539368	0.7756563425064087	0.7772511839866638	0.7781731861106876
deepacppred_lee	9	0.5056852633071796	0.7511904835700989	0.6959620118141174	0.8066825866699219	0.7834224700927734	0.7371069617424402
deepacppred_lee	10	0.5558077293712529	0.7773809432983398	0.7482185363769531	0.8066825866699219	0.7954545617103577	0.7711138733138894
deepacppred_lee	11	0.49134527520072413	0.7452380657196045	0.7173396944999695	0.7732697129249573	0.760705292224884	0.738386323596645
deepacppred_lee	12	0.546422332417722	0.7702381014823914	0.6983373165130615	0.8424820899963379	0.8166666626930237	0.7528809639789681
deepacppred_lee	13	0.557823231346312	0.7785714268684387	0.7553443908691406	0.801909327507019	0.7930174469947815	0.7737226388038234
deepacppred_lee	14	0.5381303186295747	0.7642857432365417	0.6722090244293213	0.8568019270896912	0.8250728845596313	0.7408376946027844
deepacppred_lee	15	0.6337581347672171	0.8166666626930237	0.8361045122146606	0.7971360087394714	0.8054919838905334	0.8205127867028179
deepacppred_lee	16	0.5857232723740842	0.7928571701049805	0.7909738421440125	0.79474937915802	0.79474937915802	0.7928571457596604
deepacppred_lee	17	0.5279601856313989	0.7595238089561462	0.6698337197303772	0.8496419787406921	0.8173912763595581	0.7362923816037735
deepacppred_lee	18	0.6333312726335686	0.8166666626930237	0.8171021342277527	0.8162291049957275	0.8171021342277527	0.8171021342277527
deepacppred_lee	19	0.5827192310276877	0.7904762029647827	0.7529691457748413	0.8281623125076294	0.8149100542068481	0.7827160758387841
deepacppred_lee	20	0.5414985932712206	0.7702381014823914	0.7410926222801208	0.7995226979255676	0.7878788113594055	0.7637698932797014
deepacppred_lee	21	0.6309845291124805	0.8154761791229248	0.8218527436256409	0.8090692162513733	0.8122065663337708	0.8170011833276124
deepacppred_lee	22	0.5858545523984517	0.7928571701049805	0.805225670337677	0.7804296016693115	0.7865429520606995	0.7957746709043284
deepacppred_lee	23	0.5235609710658332	0.7607142925262451	0.7173396944999695	0.8042959570884705	0.7864583134651184	0.750310564756549
deepacppred_lee	24	0.4602042868697331	0.726190447807312	0.6365795731544495	0.8162291049957275	0.7768115997314453	0.6997389355738333
deepacppred_lee	25	0.6197120658194081	0.8083333373069763	0.7600950002670288	0.8568019270896912	0.8421052694320679	0.7990012448494282
deepacppred_lee	26	0.5478708937436895	0.773809552192688	0.7600950002670288	0.7875894904136658	0.7823960781097412	0.7710843265629382
deepacppred_lee	27	0.5790841045351866	0.7892857193946838	0.7695962190628052	0.8090692162513733	0.801980197429657	0.785454585136856
deepacppred_lee	28	0.46206037567333835	0.7285714149475098	0.6579572558403015	0.7995226979255676	0.7673130035400391	0.708439867799004
deepacppred_lee	29	0.5398382722015108	0.7678571343421936	0.7078384757041931	0.8281623125076294	0.8054053783416748	0.7534765680359383
deepacppred_tyagi	0	0.5933204529195752	0.794444453716278	0.8143526554107666	0.7767734527587891	0.8127147912979126	0.8101033314389093
deepacppred_tyagi	1	0.643877261776298	0.8473684191703796	0.7205015599727631	0.9077715396881103	0.790569132566452	0.7515808319795036
deepacppred_tyagi	2	0.6322723677751563	0.8421052634716034	0.7377272784709931	0.8895178973674774	0.7567619740962982	0.7444899302442816
deepacppred_tyagi	3	0.6624438114905143	0.8561403453350067	0.7717168509960175	0.8993679285049438	0.7663358181715012	0.7620064181773597
deepacppred_tyagi	4	0.6537190694710879	0.8543859660625458	0.7311352550983429	0.9082091152667999	0.7868625164031983	0.7532223690456392
deepacppred_tyagi	5	0.6590177698445114	0.8543859660625458	0.7357841998338699	0.9112938523292542	0.7904659330844879	0.755616280954761
deepacppred_tyagi	6	0.616190530968368	0.8333333313465119	0.7112445831298828	0.8920943081378937	0.7667685270309448	0.7320530206549469
deepacppred_tyagi	7	0.6317364510200217	0.842105257511139	0.7244842767715454	0.8984309673309326	0.7684064865112304	0.738295394440707
deepacppred_tyagi	8	0.5413061307530412	0.8052631616592407	0.6608720034360885	0.871313351392746	0.7029109328985215	0.6770639746663372
deepacppred_tyagi	9	0.6338571692624967	0.8403508782386779	0.7299670159816742	0.9005127906799316	0.7691344738006591	0.7402923773521508
deepacppred_tyagi	10	0.6091303644650897	0.8280701816082001	0.7303014934062958	0.8768669664859772	0.7449822545051574	0.7346258408013923
deepacppred_tyagi	11	0.6387889622794404	0.842105257511139	0.7414316713809967	0.8896397292613983	0.7710268795490265	0.7508638083579915
deepacppred_tyagi	12	0.6113184827915303	0.8315789639949799	0.6983835935592652	0.8954734444618225	0.7717376351356506	0.7226829633570487
deepacppred_tyagi	13	0.5919649068371868	0.8228070259094238	0.7130245804786682	0.8788694858551025	0.7320666074752807	0.7166808806212679
deepacppred_tyagi	14	0.6447439725176546	0.8456140339374543	0.7106236636638641	0.9150342047214508	0.8028571486473084	0.7473199958519822
deepacppred_tyagi	15	0.6076629949632053	0.8298245668411255	0.7139757364988327	0.8917643249034881	0.7488558650016784	0.7225560493852663
deepacppred_tyagi	16	0.6115821388490964	0.8315789580345154	0.7213775634765625	0.8845291614532471	0.7529842257499695	0.7322335437610665
deepacppred_tyagi	17	0.6457658821882114	0.8385964930057526	0.7255937397480011	0.9015201508998871	0.7962407410144806	0.7423061318157054
deepacppred_tyagi	18	0.622811127619512	0.8385964930057526	0.7203520476818085	0.8941667377948761	0.7602455675601959	0.7353172862532746
deepacppred_tyagi	19	0.6625068432492781	0.8543859720230103	0.7196517646312713	0.9226440608501434	0.8163396298885346	0.7578094993778044
deepacppred_tyagi	20	0.653868857686197	0.8543859660625458	0.7260930001735687	0.9139436662197113	0.7970186293125152	0.7533488423713549
deepacppred_tyagi	21	0.5908566191257659	0.8228070139884949	0.6800664246082306	0.8956912815570831	0.7592366993427276	0.7134524922222819
deepacppred_tyagi	22	0.5903027176185218	0.8228070199489593	0.6909457355737686	0.8870843052864075	0.7459198564291001	0.7080685770849727
deepacppred_tyagi	23	0.6312529802836251	0.8403508782386779	0.7128201365470886	0.904878431558609	0.7849528133869171	0.7443907629047135
deepacppred_tyagi	24	0.6513577296683091	0.849122816324234	0.7181165218353271	0.9117623090744018	0.8045063018798828	0.754183293822635
deepacppred_tyagi	25	0.635229688564996	0.8421052634716034	0.7193824619054794	0.9011152267456055	0.7804055273532867	0.7421840469472987
deepacppred_tyagi	26	0.6674699544075324	0.8561403572559356	0.7449254870414734	0.9092649936676025	0.8003083825111389	0.7662631818768477
deepacppred_tyagi	27	0.6537930328334645	0.849122804403305	0.7471414685249329	0.9037349820137024	0.7839120030403137	0.7587621736522991
deepacppred_tyagi	28	0.6264650804970651	0.8368421077728272	0.7070430994033814	0.899955940246582	0.7819778501987458	0.7356080410855045
deepacppred_tyagi	29	0.6019550755833262	0.8263157963752746	0.7198502957820893	0.8798141717910767	0.7392227470874786	0.7223516060346732
